3.5	0.5
3.400665335	0.509966711
3.305290829	0.539469503
3.217678763	0.587332193
3.141321955	0.651646645
3.079264508	0.729848847
3.033980457	0.818821123
3.007275135	0.915016429
3.000213198	1.014599761
3.013076185	1.113601047
3.045351287	1.208073418
3.095751798	1.294250559
3.16226841	1.368696858
3.242249314	1.428444377
3.332505925	1.47111117
3.429439996	1.494996248
3.529187072	1.499147388
3.627770551	1.483399096
3.721260222	1.448379208
3.805928945	1.395483856
3.878401248	1.32682181
3.935787886	1.245130411
3.975801037	1.153666435
3.996845502	1.056076263
3.998082304	0.956250508
3.979462137	0.858168907
3.941727328	0.765741664
3.886382244	0.682653562
3.815633319	0.612217061
3.73230109	0.557240242
3.639707749	0.519914857
	
	
	
	
	
	
	
	
	
	
	
	
	
	
	
	
	
	
	
	
	
	
	
	
	
	
	
	
	
	
	
	
	
	
	
	
	
	
	
	
	
	
	
	
	
	
	
	
	
	
	
	
	
	
	
	
	
	
	
	
	
	
	
	
	
	
	
	
	
	
	
	
	
	
	
	
	
	
	
	
	
	
	
	
	
	
	
	
	
	
	
	
	
	
	
	
	
	
	
	
	
	
	
	
	
	
	
	
	
	
	
	
	
	
	
	
	
	
	
	
	
	
	
	
	
	
	
	
	
	
	
	
	
	
	
	
	
	
	
	
	
	
	
	
	
	
	
	
	
	
	
	
	
	
	
	
	
	
	
	
	
	
	
	
	
	
	
	
	
	
	
	
	
	
	
	
	
	
	
	
	
	
	
	
	
	
	
	
	
	
