 9.41200e+0  -1.80630e+1
-5.60570e+0   9.92510e+0
 8.17680e-1   1.03630e+1
-4.42100e+0  -1.84010e+1
-5.43530e+0   1.74810e+1
 1.33100e+1  -6.72940e-1
-1.64940e+1  -1.55450e-3
 1.82430e+0   1.26130e+1
-6.01060e+0  -1.24460e+1
-5.83160e+0  -3.30130e+0
 1.57620e+1  -6.92910e+0
 6.99560e+0   2.97730e+0
 5.40680e+0   1.17900e+1
 6.69320e+0  -1.58090e+1
 4.56890e+0  -1.13510e+1
-2.56140e-1  -5.58250e+0
-5.65010e+0   4.59360e+0
-1.51220e-1  -5.12190e+0
 1.25830e+1   1.42260e+1
-1.24190e+1  -1.23280e+1
-1.41060e+1  -1.03040e+0
 9.52130e+0   5.82550e+0
 1.71240e+1  -8.16740e+0
-6.18510e+0   2.36580e+0
 1.67860e+1   1.25240e+1
-5.38820e+0   8.39500e+0
 5.11020e-1   2.12250e+0
-2.25960e+1  -1.80030e+1
 2.20870e+0  -4.35420e+0
 7.48050e+0  -4.72950e+0
-2.17120e+1  -1.80280e+0
 8.97020e+0   5.64600e+0
-1.44980e+1  -3.30530e+0
-3.27560e+0   1.24430e+1
-7.16160e+0   2.85340e+0
-9.73790e+0  -2.22350e+1
-3.21210e+0   3.76820e+0
-2.41190e+1  -7.72710e+0
 1.43830e+1  -1.29940e+0
-2.52530e+1  -7.42870e+0
 2.38870e-1   8.34850e+0
-1.74970e+1  -1.49710e+1
 9.66320e+0  -3.10890e+0
 1.31170e+0  -1.19000e+1
-1.15660e+1   1.30030e+1
-9.43900e+0  -1.22250e+1
-1.60810e+1   4.11810e-1
 4.32260e+0   2.08940e+0
-1.02210e+1   1.73110e+1
 1.31760e+1  -9.29240e+0
 8.79380e+0   1.87070e+0
 1.03010e+1  -4.78670e+0
-4.50790e+0   4.34020e+0
-4.76130e+0  -2.28650e+0
-1.53960e+1  -1.97680e+0
 2.32540e+0   2.85150e-1
-6.78410e+0  -1.28620e+1
-5.59590e+0   2.68040e+0
 8.56420e+0   1.28690e+1
-3.60310e-1   1.26630e+1
 1.57370e+0  -1.03820e+1
-2.76090e+0  -1.50010e+1
-6.56100e+0   6.78010e+0
-1.34770e+0  -6.71640e+0
-1.09150e+0  -9.82560e+0
 1.39670e+1   5.26540e-2
 4.17800e+0   6.08900e+0
 5.34630e+0  -2.92950e+0
 9.91440e-2   1.69210e+1
-3.03380e+0  -9.63980e+0
-9.56870e+0   2.38360e+0
 1.30560e+1   4.31840e+0
 1.88320e+1  -2.34420e+1
 2.58570e+0  -2.30360e+0
 1.35390e+1   1.20330e+1
 1.28680e+1  -8.96460e-1
-5.09730e+0  -7.17140e+0
 1.54070e+1  -5.82510e+0
 7.98460e+0   2.62110e+1
-6.69060e+0   9.62140e+0
-1.11810e+1  -1.59260e+1
-1.27570e+1  -2.85790e-1
 8.68790e+0  -5.15490e+0
-2.00880e+1   1.44920e+1
-5.75040e+0  -8.54590e+0
-4.25560e+0  -5.72870e+0
-2.01400e+0   5.36020e-2
-5.49360e+0   1.36300e+1
-1.62940e+1   2.20780e+0
-1.88160e+0   4.90050e+0
 7.37420e+0   1.31250e+1
 1.45750e+0  -1.73720e+1
 2.53180e-1  -3.61370e+0
-1.97900e+0   4.76110e+0
-4.02340e+0   2.27430e+1
-3.35550e+0   5.69370e+0
 1.09440e+1  -1.13400e+1
 2.44360e+1   9.65880e+0
 1.30740e+1   4.23890e+0
-3.45350e+0   2.06630e+0
-5.65380e+0   5.58840e+0
-1.12830e+1  -7.78150e+0
-1.34370e-1  -1.84750e+1
 1.38060e+1  -6.56050e+0
-8.22650e+0  -4.77360e-1
 7.94650e+0  -5.97340e+0
 1.85180e+0   2.01730e-1
 2.38830e+0  -7.62120e+0
-1.76540e-1   1.14330e+1
-2.20570e+0  -1.85390e+0
-1.07480e+1   1.28440e+1
 1.51840e+1   6.40240e+0
-3.19000e+0   3.01040e-1
 2.25460e+0   3.17140e+0
-2.30890e+1  -9.09210e+0
-3.23420e+1   8.21620e+0
-5.37750e+0   4.15900e+0
-4.76370e+0  -1.19490e+1
-9.10980e+0  -1.84270e+0
 2.46260e+0   2.02580e+1
 3.04890e+0  -1.71870e+1
 8.13340e+0  -4.58310e+0
 1.74550e+1   1.09650e+1
-1.46930e+1   3.05960e+0
-3.08220e+0   3.52870e+0
 3.91810e+0   6.04800e+0
-1.55210e+1  -1.10470e+1
-1.11030e+1  -5.04470e+0
 1.49250e+1   4.55460e+0
 1.75910e+0   1.22870e+1
 1.86610e+0  -1.41680e-1
 1.73760e+1  -1.27240e+1
 6.25110e+0   4.52670e+0
 9.92050e+0   2.57570e+0
 1.06620e+1  -1.08580e+1
 9.03800e+0  -3.47430e+0
-5.74630e+0   1.73920e+1
-1.60990e+0   1.73250e+0
-5.75070e-1   4.25970e+0
-2.86520e+1   5.51320e+0
 2.87260e+0  -1.14040e+1
-5.67310e+0  -6.46140e+0
-1.35610e+1   8.23230e+0
-8.81920e-1  -2.63420e+0
 8.99330e-1   1.06070e+1
 1.26750e-1   1.10080e+1
-9.97230e+0  -1.72940e+1
-2.00830e+1  -3.80940e+0
-3.11230e+0   7.05590e+0
-3.66800e+0  -2.00500e+1
-1.30620e+1  -1.43230e+1
-1.04850e+1   2.51750e+1
 1.21180e+0   8.07920e-1
 1.15980e+1   1.05190e+1
 8.98110e+0   1.11000e+1
-3.98750e+0  -6.56750e+0
-1.80780e+0   1.67340e+1
-1.25130e+0  -1.89800e+1
 8.02820e+0   5.36570e+0
 3.07780e+0  -1.76930e+1
 1.40230e+1   2.88200e+0
-2.32950e+0  -1.86780e+1
 7.64970e+0  -1.27600e+1
 6.36030e-1  -9.63380e+0
 5.99450e+0   4.24810e-1
 7.80530e+0   1.25840e+1
 1.10440e+1  -1.72430e+1
 1.26460e+1  -1.53870e+0
-4.65370e+0  -2.09320e+1
-1.47250e+0   2.17180e+0
-1.41430e+1   1.54460e+1
-7.04220e+0  -1.56340e+1
 8.34280e+0   1.08720e+1
-5.98370e+0  -3.24780e+0
 5.75590e+0  -2.43300e+0
-1.06850e+0  -3.50650e+0
-1.47300e+1  -2.86790e+0
-6.07180e+0  -3.96850e+0
 6.78490e+0   5.39450e+0
 1.31130e+1   2.27160e+1
 1.44160e+1   4.18020e+0
 2.07460e+0   1.85120e+1
 5.28960e+0  -5.23600e+0
 2.02130e+0   3.31610e+0
 1.83200e+0  -1.67500e+0
-1.35020e+1   7.79230e-1
 1.61500e+1  -3.04930e+0
-1.26880e+1   1.90630e+1
-2.22500e+0   2.75610e-1
-7.87920e+0   2.81120e+0
 1.08590e+1   9.54940e+0
 1.66320e+0  -1.38200e+1
-1.57300e+1  -1.63210e+0
 1.02670e+1   4.04920e+0
-2.13490e+0  -6.89230e+0
-3.51350e+0   1.55860e+1
-1.93480e+1  -1.24230e+1
 5.04150e+0   1.85980e+1
-1.58380e+1  -7.13380e+0
 3.01010e+0  -5.01670e+0
 1.66870e+1   5.92010e+0
-1.70090e+1  -3.59680e-1
-4.01530e+0   2.14850e+0
-1.09170e+1   6.44670e+0
-1.09250e+0  -3.55620e+0
-7.51530e+0  -2.14360e+1
 1.61880e+0  -1.01010e+1
 5.90350e+0   2.75130e+0
 1.14150e+0   1.05570e+1
 1.72470e+1  -3.37760e+0
-9.46520e+0   8.67860e+0
-8.20610e+0  -4.40610e+0
-2.65170e+0   2.13440e+0
 7.40710e+0  -1.16200e+1
 7.57480e+0   1.94730e+1
-2.87760e+0   1.21460e+0
-4.44320e+0  -1.08950e+1
-3.21060e+0  -1.20700e+1
-1.41170e+1   3.75770e+0
-2.08140e+1   5.72860e+0
 1.23290e+1   8.04750e+0
-1.27020e+0  -1.04190e+1
-2.18270e+0  -6.90660e+0
 7.28120e+0  -1.22890e+1
 1.08260e+1  -1.26160e+1
 3.50100e+0   9.91880e-1
 5.67200e+0   1.29660e+1
 4.28850e+0   3.92540e+0
-8.85140e+0   4.06540e+0
-2.91040e+0   1.37550e+1
-2.82520e+0  -5.55700e+0
-9.93480e+0  -2.43360e+1
 2.24960e+1   3.63400e+0
 2.55130e+0   3.69540e+0
 9.50040e+0  -1.30220e+0
 3.38370e+0   1.74740e+1
 9.62250e+0   6.39540e+0
 5.75400e+0   2.30080e+1
-1.38770e+1   1.77730e+1
 2.99250e+0  -9.36340e+0
-1.03060e+1  -9.29540e+0
 4.20550e+0  -7.50160e+0
-1.10170e+1   2.24580e+1
-6.17510e+0  -1.11500e+1
 1.70250e+1  -3.84600e+0
 4.40300e+0  -2.84370e+0
 3.70750e+0  -6.20200e+0
-1.09030e+1  -1.40020e+1
-5.83500e+0   8.41240e+0
 2.16020e+1   9.53440e-1
 6.61140e-1   9.53110e+0
-1.25070e+0  -5.62050e+0
 2.19750e+1   1.42950e+1
-9.90750e+0  -3.29260e+0
-1.53530e+1   6.37820e+0
 7.20620e+0  -8.21110e+0
 6.16520e+0   9.44730e+0
-8.92720e+0  -5.12280e+0
 1.31850e+1  -1.62000e+1
-1.39940e+1  -7.85590e-1
 3.73230e+0   1.39970e+1
-1.97700e+0   5.74860e+0
-6.60260e+0   1.54720e+0
 1.00800e+1  -5.33070e+0
-3.84390e+0  -2.81400e+0
 6.25450e+0   1.39970e+0
 1.63030e+1   9.58510e+0
 1.13530e+1  -6.88540e+0
-3.70430e+0  -4.64720e+0
 2.56140e+0   2.45890e+0
-5.04710e+0   2.21060e+0
 1.08930e+1  -5.38970e+0
 9.28690e+0   5.23690e+0
-9.98660e+0  -1.87170e+1
 1.00200e+1  -1.61860e+0
-6.69910e+0   2.39810e-1
 4.74660e+0   2.64580e+1
 1.08250e+1  -1.22610e+1
-2.75130e+0  -1.50750e+0
-2.72230e+0  -7.12880e+0
-1.47900e+1  -8.19550e+0
 3.91450e+0   6.46960e+0
 1.04600e+1  -1.47200e+1
-8.16890e+0   7.94200e-1
 2.21410e+0  -1.29010e+0
 4.53700e+0  -7.78380e+0
 3.87870e+0   7.11320e+0
-2.49540e+0  -1.44880e+1
-6.72510e+0  -1.33440e+1
-1.29390e+1  -2.01590e+1
-1.43050e+0   4.47150e+0
 2.60300e+0   1.07520e+1
 3.17410e+0   1.24990e+1
 5.86190e+0   1.68060e+1
-1.28140e+1   8.47410e+0
 5.33420e+0   1.42950e+1
 7.95780e+0   2.30220e+0
 5.35650e+0  -4.78610e+0
 9.01390e+0  -8.05100e+0
 5.97520e+0   9.60630e+0
 8.97940e+0  -2.17470e+1
-5.05390e+0  -1.48780e+1
 5.72840e+0   1.61210e+0
-7.27490e+0   1.58130e+1
-8.69570e+0   1.26290e+0
-1.43340e+1  -1.07030e+1
 1.70340e+1   4.38950e+0
-1.77250e+0   3.67480e+0
-2.83200e+0  -6.74730e+0
 7.85020e+0   2.66570e+0
-3.26570e+0  -1.06690e+1
-5.20480e+0   5.19520e+0
 2.00050e+0  -7.90230e+0
 1.69210e+1  -4.51160e+0
 3.83860e-1  -1.60220e+1
 9.84100e+0  -6.88300e+0
-5.92840e+0   3.10390e+0
 2.79480e+0   2.88080e+1
 1.06290e+1  -2.37650e+0
-4.87820e+0  -1.69590e+1
-1.49930e+1   6.31910e+0
-2.26540e+1  -1.50460e+0
 1.25170e+0  -7.77550e+0
 8.68970e+0   1.73190e+0
-3.79610e+0  -1.74310e+1
 2.59240e+0   1.45160e+0
-1.54720e+0  -5.30850e+0
-3.60150e+0   6.15620e+0
 3.18360e+0  -1.19460e+1
 1.20180e+1   7.36670e+0
 4.17850e+0   5.15090e+0
-3.72310e+0  -3.82530e+0
 4.27020e+0   5.94770e+0
 3.17610e+0  -1.37020e+1
-6.56090e+0   1.68870e+0
 2.34650e+0  -1.34340e+1
-4.57490e+0  -1.76150e-1
-1.68660e+1   5.92090e+0
 9.72270e+0  -3.50800e-1
 2.67660e+0  -1.62290e+0
 1.29270e+0   6.58500e+0
 3.26150e+0  -3.19290e+0
 1.40380e+0   1.51210e+0
-3.19280e+0   4.55890e+0
-1.87130e+1  -3.15750e+0
-7.23630e+0   2.13160e+1
-5.24610e+0  -7.28240e+0
 1.27850e+1  -5.12880e+0
-1.30460e+1  -1.14710e+1
 9.79980e-1  -2.13730e+1
-5.49290e+0   1.49420e+1
-1.69190e+1  -7.54530e+0
 1.32310e+1   3.43530e+0
-8.48470e+0   2.90700e+0
-9.05400e+0  -4.51010e+0
 2.96170e+0   1.38830e+1
-7.68550e+0  -1.12410e+0
-4.47500e+0   1.34850e+1
 2.14130e+1  -1.11670e-1
-2.34340e+0  -1.37290e+1
-1.93770e+0   6.34440e+0
-9.33410e+0   4.05340e+0
 7.51250e+0  -4.36670e+0
-4.94020e+0  -3.13790e+0
-9.97050e+0  -8.01090e+0
 1.58410e+0   4.18890e+0
-2.21650e+1  -7.15340e+0
-2.22090e+1   1.56200e+0
-3.63720e+0  -1.02790e+1
-1.03810e+1   9.34210e+0
-1.53430e+0   2.84500e+0
-8.07890e+0   7.50430e+0
 8.85770e+0   6.95990e-1
-4.62330e+0   7.66210e+0
 6.79360e+0   1.67090e+1
 8.38040e+0   3.58590e+0
 1.42050e+1  -4.26950e+0
 9.07100e+0   3.87600e+0
 1.08580e+1  -3.10340e+0
-6.79870e+0  -9.98960e+0
-3.16370e-1  -1.11930e+1
 9.80740e+0  -5.48260e+0
 1.17210e+1  -1.86420e+1
 5.92950e+0   1.13000e+1
-1.33960e+1  -1.35370e+1
-1.35420e+1  -4.10870e+0
-1.02380e+1  -1.80850e+1
-1.93640e+1  -4.92180e+0
 1.61240e+1  -2.09380e+1
-3.94450e+0  -1.01110e+1
-5.56950e+0  -8.42820e+0
-1.06700e+1   5.20660e+0
-1.01120e+1  -1.27210e+1
 8.14240e-1   4.58880e-2
-2.05660e+1  -1.06590e+1
-9.82270e+0  -1.15350e+1
 6.62930e+0   5.80820e+0
 1.04300e-1  -1.78620e+0
 9.41280e+0   5.36740e+0
-7.04690e+0  -1.84430e+1
 1.01950e+0  -2.71350e-1
-6.71180e-1   9.99370e-1
-1.15210e+1  -1.96190e+0
 3.17870e-1   7.31420e+0
 2.45020e+0  -1.24970e+1
-3.11060e+1  -2.88420e+0
-1.18480e+1   3.79590e+0
-1.40830e+0  -8.21600e+0
 3.70250e+0  -2.40280e+1
-1.51150e+1  -1.43890e-1
-1.61930e+1   3.57520e+0
-1.39290e+1   9.25840e+0
 1.05330e+1   7.55690e+0
-1.44480e+1   4.86090e+0
-1.05100e+1  -2.80980e+1
 1.80590e+0  -7.93800e+0
 5.65080e+0   1.06170e+1
-4.62620e+0   2.09580e+1
-1.60810e+1  -6.50230e+0
-3.25720e+0   1.13860e+1
-2.70440e+0   9.31790e+0
 7.57710e+0   2.17240e+0
-7.25860e+0   1.38610e+1
-2.26530e+0   1.11190e+1
-1.06300e+1  -7.72440e+0
 1.15070e+1   1.38760e+0
 8.82500e+0  -1.30860e+0
 2.66740e-1   1.03460e+1
 1.20350e+1   6.43340e+0
 1.85740e+1   3.89640e+0
-1.68670e+1  -1.44100e+1
-2.23820e+0  -9.27470e+0
-9.14640e-1  -1.58790e+1
-5.22100e+0  -7.50400e+0
 3.93170e+0   3.56490e+1
-8.15310e+0   1.20170e+1
 1.55830e+1  -7.03380e+0
-7.96870e-1   1.37740e+1
-9.33180e+0  -5.71000e+0
-1.13640e+1  -6.18280e+0
-1.21080e+1  -6.30830e+0
 7.69240e+0   3.85090e+0
 8.11510e+0   1.15880e+1
-6.91140e+0   4.46100e+0
 4.84170e+0  -3.27090e+0
-1.44920e+1   5.00900e+0
-5.97910e+0   1.51660e+1
 1.00010e+1   6.11550e-1
-6.64900e+0   4.20580e+0
 3.43390e+0  -5.71810e-2
-2.15750e+1   9.33520e+0
 4.87610e+0   4.89990e+0
 1.04950e-1  -7.94370e+0
 3.34240e+0  -2.06140e+1
-7.87170e+0   1.00310e+1
-3.12630e+0  -9.99510e+0
-3.72800e+0   6.29590e+0
 1.22700e+1   9.63680e+0
 4.03140e-1   1.84030e+0
 1.77640e+1  -1.84260e+0
 3.42800e+0   1.11810e+0
-4.53530e+0   1.83150e+0
-6.53340e+0  -5.06020e+0
-2.88940e+0  -1.13430e+1
 8.32200e+0  -1.18190e+1
 6.00230e+0  -5.61300e+0
 9.03750e+0   2.99490e+0
-2.23180e-1   9.90370e-1
-1.95160e+1   1.48000e+1
-1.24050e+0   2.82530e+0
 1.50360e+1   6.84470e-1
 9.59550e+0  -1.13740e+1
 1.01620e+1  -1.10450e+0
 7.48590e+0   1.09610e+0
 1.50750e+1   6.01800e-1
 4.78590e+0   5.51090e+0
-7.90970e+0  -9.99510e+0
 1.78050e+1  -1.56800e+0
 6.64860e+0  -8.39230e+0
-1.58930e+1   1.18130e+1
-5.36220e+0  -2.09080e+1
-6.41620e+0  -9.17200e-2
-2.08770e+1  -3.90840e+0
-1.48790e+1  -2.44570e+1
 7.86680e+0   6.83500e+0
 9.04240e+0   1.03090e+1
-1.33700e+1   9.09060e-1
-1.35120e+1  -8.82890e-1
-9.22950e+0   2.25780e+0
-5.62350e+0  -2.02470e+1
-5.81930e+0  -5.32550e+0
-4.95460e+0  -2.10840e+0
-9.53370e+0  -1.06230e+1
-1.21040e+1  -4.12320e+0
-9.17710e+0   1.60450e+1
-7.21070e+0  -9.65210e+0
 7.94960e+0   1.55430e+0
-3.61930e+0   5.40210e+0
-6.87410e+0   4.72200e+0
 1.00270e+1  -5.71110e+0
